850105
849778
851071
856685
859056
848071
844644
844806
850148
850318
849000
844555
859218
859137
843303
853198
851829
833138
859196
851772
858963
859064
846108
856651
856677
844873
859129
847767
859102
850164
847481
850903
853449
847996
856839
849387
847619
858980
846612
859013
858998
839233
859072
847651
858700
848496
853732
859161
846175
856693
859111
850938
858971
844113
828690
859005
850369
841815
850539
850946
859048
845993
850971
859200
859081
859099
856634
851055
847287
848259
842048
842901
859021
842218
851471
842226
848500
852019
854755
846531
852051
857398
858653
840983
861727
856901
859153
848062
859188
856669
852035
853007
861719
843761
859145
854585
845624
851004
853295
850661
846248
846507
852256
844083
859170
853988
859226
844407
852850
849484
847112
841157
845764
850644
845071
853279
847716
861701
861751
859838
852809
847864
854551
848330
856529
850750
841271
858980
855913
844504
848933
850890
844954
845012
850091
861808
856626
854534
839152
851331
861859
852116
845845
845705
861697
846205
861735
856804
851616
848925
852787
861867
848763
861638
848097
852299
861646
839594
849859
849506
845501
861786
861671
854488
855395
855166
842978
856421
847503
849603
861654
854313
848143
855379
855662
861662
848623
847856
861689
848127
850270
850741
853023
851497
854771
846094
843915
852817
845314
845535
852591
852086
843524
854666
853791
849867
854810
848836
841416
834126
861620
852001
848542
851381
859251
861841
845420
847066
850181
861794
849476
848038
847686
858564
861778
851764
852540
844792
856111
849034
856367
851420
848739
856511
861816
856391
845519
847937
853520
846051
854046
861743
856944
850172
857525
850245
861832
855697
853767
853228
861760
861824
854917
854241
856103
854356
854739
856448
845187
851454
852159
856260
850156
855476
858483
854828
849808
850962
853082
859978
850806
859382
854518
854496
856600
850776
854011
852701
849735
859480
850377
857339
854763
854259
856413
850202
856057
847970
848119
849077
847449
855026
856464
857801
856936
858246
848950
851560
851144
853601
858726
857762
853333
852868
849646
854429
858181
860275
859862
830759
847597
855417
857568
854658
850920
858718
856049
849531
860232
854941
850725
852795
852370
857983
852027
851519
848241
856782
857185
856863
855719
852841
857738
843010
851047
860721
848551
856014
857282
847945
858432
851543
852311
855123
852680
853341
866281
854968
847988
839225
858041
849336
858122
858114
860356
858360
858319
855590
847953
851390
856154
862642
866231
866311
811959
866168
866273
866257
860071
848569
848577
849212
850849
866303
866249
866184
844776
852612
866214
866265
854836
860674
854003
860909
849239
861174
866192
853783
852141
866087
857754
851811
841041
857011
860658
857100
857584
844610
866290
855115
854364
861352
852523
855867
853147
866141
849964
854747
866176
860763
857215
855212
862553
855191
847961
848879
861239
866125
855107
860852
862570
842781
866150
855841
849701
848704
855174
853724
857029
856707
851161
861140
843290
861158
856766
857941
861484
860143
852825
857495
857088
859986
866109
860381
859901
859617
845039
835165
856251
861956
844491
858874
859650
860704
858262
851195
855832
845527
847457
848178
853112
859722
860364
856961
859633
855689
850300
860771
851969
855361
837117
860151
858297
850555
868632
847546
855328
866591
868560
855620
868578
868543
847139
858416
868641
854577
861531
862308
858254
860411
857436
830309
859421
868535
860160
855743
859587
868608
858394
851748
860321
855930
846167
846574
855638
859897
868489
868527
864271
858441
868411
849395
857746
866117
852892
868551
868519
868501
855891
868403
850083
859595
868659
868390
855263
862715
861492
840754
853937
868721
868594
861972
862227
853821
868616
867628
853147
857886
868438
863347
842145
856197
868420
862014
855441
870769
821253
868471
864980
860666
868446
868454
857096
852469
857452
862855
857045
860097
858408
868586
864246
859285
844016
848607
849891
868624
853872
868497
870807
853538
854372
863827
854542
866222
847171
859391
866133
870700
870637
848399
848984
865889
855085
856278
863711
861131
861018
870777
863614
864661
865943
855531
856731
858769
856481
870688
870751
849875
870823
870785
864246
859315
860062
857916
857908
863258
858424
862201
857924
860941
870718
870726
860992
863037
856201
870653
857274
858165
863100
858742
864491
863169
852779
859579
860712
870742
862936
861280
868462
851349
864220
864513
865129
870831
859439
857479
857240
854682
862286
862006
862812
859455
859561
870696
870670
860801
870815
851489
862685
867636
870840
841092
872168
854135
858378
856995
850717
858831
864017
868772
872079
872028
872133
861115
864386
865366
864611
867784
872150
872095
872141
870858
853996
854615
863321
858530
858513
863509
872117
855221
872109
856588
871692
866354
855573
876791
864726
872052
872044
865021
870734
861514
869892
855425
868381
861204
862588
850865
862405
860739
865056
856898
860330
858751
857291
851993
870661
853368
862910
859463
859501
858785
872087
